486
526
580
374
384
482
490
452
500
442
486
512
508
446
434
474
464
394
506
374
464
550
528
576
850
518
390
488
490
462
518
432
334
506
384
516
518
358
550
416
534
530
466
476
426
448
548
708
680
548
534
498
456
432
584
622
352
546
450
528
568
494
374
510
528
382
438
498
468
484
542
422
418
352
518
518
510
418
496
480
488
434
480
468
512
478
728
506
476
460
494
554
468
544
440
372
820
542
536
562
476
518
546
510
490
478
674
564
452
678
482
700
490
474
584
514
498
402
396
432
412
634
546
490
410
426
540
462
520
510
478
442
582
546
562
758
536
522
382
474
406
480
492
450
456
460
450
576
466
478
534
704
494
494
514
442
772
336
542
556
954
574
426
438
542
426
556
726
360
448
538
414
370
530
602
498
532
442
414
542
552
456
494
468
564
414
434
494
430
502
390
530
480
440
490
530
450
528
484
656
796
426
438
542
490
480
410
358
482
470
366
512
560
522
460
508
466
442
554
374
552
512
472
476
518
452
522
594
432
484
444
514
412
444
476
704
488
438
686
556
450
498
574
452
390
584
374
378
774
524
526
1208
384
570
516
494
474
508
458
504
508
530
514
498
456
432
602
606
750
458
482
654
432
350
454
498
546
474
418
474
438
498
486
506
520
504
572
480
448
546
690
436
400
492
516
464
472
388
578
540
426
508
752
590
444
542
570
430
570
390
434
462
510
564
412
476
542
546
496
434
352
388
594
480
548
310
428
438
478
424
556
512
530
412
528
542
446
514
376
502
524
650
468
474
474
414
666
436
436
344
682
486
394
520
450
526
502
560
448
398
332
614
434
476
400
518
452
422
400
580
788
560
462
518
500
534
570
346
404
532
702
588
530
546
546
450
496
362
512
520
466
426
426
708
546
504
550
488
398
490
480
434
410
580
514
538
374
486
518
422
538
546
478
536
456
460
396
478
438
462
462
514
430
372
524
574
480
522
426
564
614
484
446
510
458
452
392
682
540
428
484
574
418
430
442
426
536
494
586
466
676
386
658
538
494
502
406
816
560
502
508
478
492
522
406
440
430
498
314
574
530
536
546
546
728
456
488
410
544
462
426
512
586
328
392
450
490
930
412
466
486
520
552
502
496
522
526
466
426
500
422
576
450
570
486
532
400
498
356
450
530
428
474
442
522
372
556
432
464
462
424
492
410
478
414
592
556
484
490
448
484
500
498
494
472
498
480
440
506
484
432
514
520
584
448
570
526
552
468
496
434
410
480
518
508
568
526
454
656
478
530
462
510
502
474
630
466
498
518
514
378
374
378
514
452
442
454
450
486
434
538
426
598
492
482
534
514
532
598
698
514
502
500
510
530
424
642
458
572
536
508
416
526
432
498
478
704
484
448
510
692
526
400
458
502
544
546
434
498
464
480
512
438
454
436
486
584
540
468
510
538
540
508
834
474
484
738
434
624
522
494
384
412
490
456
472
486
396
474
398
476
648
486
432
400
568
548
450
500
484
626
482
418
484
704
566
518
448
396
406
520
430
456
444
462
422
534
516
464
540
468
434
448
494
318
436
570
418
548
428
724
536
490
504
356
466
428
432
500
504
438
494
474
432
524
452
494
504
624
754
512
468
534
440
370
482
514
464
406
396
548
398
426
498
322
414
462
420
358
536
534
524
484
398
462
500
456
488
664
560
428
530
506
504
590
484
538
758
466
778
454
368
394
478
434
546
524
398
446
696
414
502
362
816
466
730
546
398
540
536
508
428
494
506
660
450
574
424
512
558
476
452
534
554
520
490
612
454
470
718
524
436
464
352
558
510
408
542
528
528
472
410
466
598
466
502
590
388
406
460
502
542
450
700
402
534
428
544
490
468
428
436
392
416
350
468
528
516
454
482
646
476
478
482
386
538
450
486
556
508
578
554
434
376
418
474
460
520
490
472
388
580
594
776
428
496
376
530
528
500
434
506
478
516
538
586
538
410
524
414
550
502
630
498
474
430
514
406
398
500
448
430
480
370
484
516
514
454
540
578
456
324
466
440
576
434
464
666
370
466
514
438
392
606
472
560
464
448
552
546
558
572
480
474
360
578
442
406
504
438
544
476
514
446
512
366
488
524
1124
546
458
508
456
454
576
540
462
512
688
450
566
468
538
474
546
558
552
534
450
418
518
540
550
512
504
508
456
466
510
480
434
488
480
450
640
550
526
432
484
654
526
576
482
474
590
472
470
516
496
434
462
464
476
478
414
508
506
558
472
500
574
606
732
722
486
462
386
598
460
444
