180
220
270
170
200
220
220
250
280
140
320
220
290
240
290
150
250
110
270
140
210
240
270
260
1250
300
210
350
330
180
200
160
110
320
200
230
190
140
240
210
250
220
130
220
200
280
290
380
580
270
250
210
230
260
210
280
130
330
290
170
320
220
160
240
280
180
200
260
180
180
250
190
160
160
270
290
270
210
160
170
300
240
200
230
270
220
500
290
170
260
330
250
200
220
290
150
750
210
170
300
270
210
260
300
180
230
520
250
200
430
200
590
270
210
420
300
220
180
330
220
150
300
300
250
190
210
330
250
250
260
220
240
390
210
290
1000
290
210
150
260
210
230
390
270
250
180
180
300
210
220
200
510
170
240
190
110
610
120
230
360
580
310
210
320
220
200
230
310
160
350
290
150
200
270
350
240
280
220
160
210
280
230
260
270
230
200
250
220
220
280
100
230
260
270
260
270
240
190
220
240
650
210
230
230
250
250
210
180
250
210
160
170
350
190
260
300
200
250
280
120
210
280
290
210
240
230
230
1760
210
220
220
230
250
130
190
400
150
260
620
320
180
230
170
220
180
250
180
170
660
330
160
920
140
370
250
230
210
290
280
280
300
240
210
210
200
200
360
260
640
200
200
380
170
140
160
180
290
240
220
250
230
330
250
230
200
170
310
220
210
220
1060
140
190
290
270
160
170
170
270
320
190
210
750
510
190
240
230
190
340
150
210
230
230
310
210
250
250
230
240
210
170
210
320
210
300
90
190
290
200
250
280
250
370
120
220
320
200
350
240
160
220
360
180
210
240
240
410
200
210
140
440
210
250
270
210
270
230
320
270
210
140
290
210
280
200
340
190
200
220
440
1050
280
220
270
280
280
270
200
230
240
440
1040
210
240
230
220
270
130
330
190
200
220
190
550
260
290
260
260
230
260
270
250
210
240
390
170
150
300
280
210
170
240
250
250
190
180
230
270
120
160
280
190
260
180
280
340
160
250
170
240
460
320
310
180
300
240
140
440
200
150
240
400
310
200
220
190
200
230
270
200
450
210
470
250
260
260
220
730
310
230
200
260
180
250
190
210
280
270
100
240
310
270
330
220
470
210
270
150
300
170
230
230
390
140
200
190
220
600
220
240
150
220
190
320
220
290
240
160
180
200
140
240
190
250
350
220
170
120
190
170
230
210
170
220
370
110
240
190
200
180
250
240
170
260
140
350
320
190
240
230
210
190
310
230
280
230
250
120
270
240
260
350
230
270
250
320
280
260
360
210
220
150
240
210
290
390
300
160
580
260
340
220
180
190
150
380
270
230
280
360
120
150
170
240
260
280
270
190
210
170
280
200
300
200
360
200
210
280
460
600
270
230
340
280
290
120
990
170
390
250
350
110
260
120
290
340
1030
240
270
200
1180
180
180
140
290
310
360
200
230
180
390
230
240
240
230
290
340
330
250
340
270
300
410
400
190
130
1040
180
510
270
230
200
140
220
270
180
250
170
150
230
220
270
260
240
150
240
330
190
240
230
600
260
170
220
550
250
190
130
230
160
260
240
210
260
260
190
270
230
250
310
150
190
210
220
100
240
390
230
330
220
1160
220
360
290
190
320
220
130
210
200
270
240
180
170
310
260
190
230
250
370
240
200
370
170
150
230
200
240
130
150
280
240
150
230
110
160
220
230
110
180
280
230
190
110
260
210
220
300
260
190
180
210
340
270
410
240
250
800
220
460
180
230
200
100
150
280
140
190
260
510
170
220
220
700
170
630
240
240
250
200
200
170
250
310
250
180
320
150
330
250
320
170
420
320
210
320
270
130
140
480
280
180
280
130
240
280
140
330
170
200
200
160
250
290
350
340
320
160
190
240
180
260
280
480
200
230
210
270
250
240
220
180
190
250
150
220
340
240
290
220
420
250
200
250
150
320
180
240
330
280
280
280
190
170
190
130
240
280
220
280
150
240
930
770
230
200
210
300
220
250
230
160
220
220
260
360
340
160
220
200
290
240
370
250
180
140
360
180
120
260
230
170
250
160
260
260
230
240
220
280
170
110
170
230
370
250
210
300
240
360
260
180
200
250
210
250
110
220
210
290
310
300
270
290
160
320
220
250
300
210
380
190
280
210
250
250
170
250
550
230
200
250
190
210
280
280
190
210
990
250
270
250
260
250
280
360
200
220
160
190
240
250
390
210
190
190
190
160
240
220
210
200
300
290
350
220
300
210
280
500
230
320
210
200
360
290
250
170
210
260
220
250
210
210
280
280
310
280
230
200
300
370
400
290
230
160
200
390
190
270
